1	"1,1,1-TRIFLOUROETHANE"	84.041	346.200	3.759	221.000	0.289	0.257	1.372	0.075	-0.00006203000	0.000000020100000	15.897	1814.910	-29.920
2	"1,1,2,2-TETRACHLORO-1,2-DIFLUOROETHANE"	203.831	551.000	0.000	0.000	0.000	0.000	0.000	0.000	0.00000000000	0.000000000000000	0.000	0.000	0.000
3	"1,1,2-TRICHLOROETHANE"	133.405	602.000	4.154	294.000	0.240	0.220	1.510	0.082	-0.00007064000	0.000000023390000	16.038	3110.790	-56.160
4	"1,1,2-TRIMETHYLCLOPENTANE"	112.216	579.500	2.938	0.000	0.000	0.252	0.000	0.000	0.00000000000	0.000000000000000	15.708	3015.510	-54.590
5	"1,1,3-TRIMETHYLCLOPENTANE"	112.216	569.500	2.827	0.000	0.000	0.211	0.000	0.000	0.00000000000	0.000000000000000	15.679	2938.090	-53.250
6	"1,1-DICHLORO-1,2,2,2-TETRAFLUOROETHANE"	170.922	418.600	3.303	294.000	0.279	0.000	9.662	0.078	0.00006572000	0.000000018680000	0.000	0.000	0.000
7	"1,1-DICHLOROETHANE"	98.960	523.000	5.066	240.000	0.280	0.248	2.979	0.064	-0.00004896000	0.000000015050000	16.084	2697.290	-45.030
8	"1,1-DIFLOUROETHANE"	66.051	386.600	4.499	181.000	0.253	0.266	2.072	0.057	-0.00003480000	0.000000008107000	16.187	2095.350	-29.160
9	"1,1-DIFLUOROETHYLENE"	64.035	302.800	4.458	154.000	0.273	0.000	0.734	0.058	-0.00005014000	0.000000016770000	0.000	0.000	0.000
10	"1,1-DIMETHYLCYCLOHEXANE"	112.216	591.000	2.969	416.000	0.250	0.238	-17.122	0.215	-0.00011990000	0.000000024610000	16.965	4276.080	-52.800
11	"1,1-DIMETHYLCYCLOPENTANE"	98.189	547.000	3.445	360.000	0.270	0.273	-13.827	0.183	-0.00010750000	0.000000024130000	15.697	2807.940	-51.200
12	"1,2,2-TRICHLORO-1,1,2TRIFLUOROETHANE"	187.380	487.200	3.415	304.000	0.256	0.252	14.603	0.069	-0.00005780000	0.000000016490000	15.842	2523.610	-45.670
13	"1,2,3,4-TETRAHYDRONAPHTHALENE"	132.206	719.000	3.516	0.000	0.000	0.303	0.000	0.000	0.00000000000	0.000000000000000	16.281	4009.490	-64.890
14	"1,2,3-TRICHLOROPROPANE"	147.432	651.000	3.952	348.000	0.250	0.310	6.421	0.087	-0.00006656000	0.000000020990000	16.125	3417.270	-69.150
15	"1,2,3-TRIMETHYLBENZENE"	120.195	664.500	3.455	430.000	0.270	0.390	-1.658	0.151	-0.00007945000	0.000000015790000	16.212	3670.220	-66.070
16	"1,2,4,5-TETRAMETHYLBEENZENE"	134.222	675.000	2.938	480.000	0.250	0.426	3.946	0.156	-0.00006876000	0.000000007779000	16.302	3850.910	-71.720
17	"1,2,4-TRIMETHYLBENZENE"	120.195	649.100	3.232	430.000	0.258	0.390	-1.115	0.149	-0.00007793000	0.000000015230000	16.219	3622.580	-64.590
18	"1,2-BUTADIENE"	54.092	443.700	4.499	219.000	0.267	0.255	2.675	0.065	-0.00003507000	0.000000007378000	16.104	2397.260	-30.880
19	"1,2-DICHLORO-1,1,2,2-TETRAFLUOROETHANE"	170.922	418.900	3.263	293.000	0.275	0.255	9.262	0.082	0.00007047000	0.000000020320000	0.000	0.000	0.000
20	"1,2-DICHLOROETHANE"	98.960	561.000	5.370	220.000	0.250	0.286	4.893	0.055	-0.00003435000	0.000000008094000	16.176	2927.170	-50.220
21	"1,2-DICHLOROPROPANE"	112.987	577.000	4.458	226.000	0.210	0.240	2.496	0.087	-0.00006219000	0.000000018490000	16.039	2985.070	-52.160
22	"1,2-DIMETHOXYETHANE"	90.123	536.000	3.871	271.000	0.235	0.371	7.699	0.085	-0.00003190000	0.000000000006000	16.021	2869.790	-53.150
23	"1,2-PENTADIENE"	68.119	503.000	4.073	276.000	0.269	0.173	2.108	0.093	-0.00005446000	0.000000012530000	15.930	2544.340	-44.300
24	"1,2-PROPANEDIOL"	76.096	625.000	6.080	237.000	0.280	0.000	0.151	0.101	-0.00007121000	0.000000021380000	20.532	6091.950	-22.460
25	"1,3,5-TRIMETHYLBENZENE"	120.195	637.300	3.131	433.000	0.260	0.398	-4.679	0.161	-0.00008819000	0.000000018390000	16.289	3614.190	-63.570
26	"1,3-BUTADIENE"	54.092	425.000	4.327	221.000	0.270	0.195	-0.403	0.082	-0.00005589000	0.000000015130000	15.773	2142.660	-34.300
27	"1,3-PROPANEDIOL"	76.096	658.000	5.978	241.000	0.260	0.000	1.975	0.088	-0.00005163000	0.000000012070000	17.292	3888.840	-123.200
28	"1,4 DIOXANE"	88.107	587.000	5.208	238.000	0.254	0.288	-12.796	0.143	-0.00009757000	0.000000025370000	16.133	2966.880	-62.150
29	"1,4-DIETHYLBENZENE"	134.222	657.900	2.807	480.000	0.250	0.403	-8.937	0.207	-0.00013280000	0.000000033700000	16.114	3657.220	-71.180
30	"1,4-PENTADIENE"	68.119	478.000	3.790	276.000	0.263	0.104	1.671	0.094	-0.00005670000	0.000000013370000	15.739	2344.020	-41.690
31	"1,5 HEXADIENE"	82.146	507.000	3.445	328.000	0.260	0.160	0.000	0.000	0.00000000000	0.000000000000000	16.135	2728.540	45.450
32	1-BUTENE	56.108	419.600	4.023	240.000	0.277	0.187	-0.715	0.084	-0.00004754000	0.000000010660000	15.756	2132.420	-33.150
33	1-BUTYNE	54.092	463.700	4.712	220.000	0.270	0.050	2.997	0.066	-0.00003690000	0.000000008240000	16.061	2271.420	-40.300
34	"1-CHLORO-1,1-DIFLUOROETHANE"	100.496	410.200	4.124	231.000	0.279	0.000	4.017	0.066	-0.00004758000	0.000000012670000	0.000	0.000	0.000
35	1-CHLOROBUTANE	92.569	542.000	3.688	312.000	0.255	0.218	-0.624	0.107	-0.00007014000	0.000000019300000	15.975	2826.260	-49.050
36	1-DECANOL	158.285	700.000	2.229	600.000	0.230	0.000	3.480	0.214	-0.00009365000	0.000000008242000	15.940	3389.430	-139.000
37	1-DECENE	140.270	615.000	2.209	650.000	0.280	0.491	-1.114	0.217	-0.00012080000	0.000000026160000	16.013	3448.180	-76.090
38	1-DODECENE	168.324	657.000	1.854	0.000	0.000	0.558	-1.563	0.262	-0.00014700000	0.000000032030000	16.061	3729.870	-90.880
39	1-EICOSANOL	298.555	770.000	1.216	0.000	0.000	0.000	-3.005	0.466	-0.00026710000	0.000000060090000	15.823	3912.100	-203.100
40	1-HEPTANOL	116.204	633.000	3.040	435.000	0.250	0.560	1.172	0.162	-0.00008232000	0.000000014440000	15.307	2626.420	-146.600
41	1-HEPTENE	98.189	537.200	2.837	440.000	0.280	0.358	-0.789	0.150	-0.00008388000	0.000000018170000	15.889	2895.510	-53.970
42	1-HEXADECENE	224.432	717.000	1.337	0.000	0.000	0.721	-2.318	3.523	-1.00000000000	-1.982000000000000	357.850	-59.230	40.990
43	1-HEXANOL	102.177	610.000	4.053	381.000	0.300	0.560	1.149	0.141	-0.00007189000	0.000000012960000	18.099	4055.450	-76.490
44	1-HEXENE	84.162	504.000	3.171	350.000	0.260	0.285	0.417	0.127	-0.00006933000	0.000000014460000	15.809	2654.810	-47.300
45	1-METHYL-1-ETHYLCYCLOPENTANE	112.216	592.000	2.989	0.000	0.000	0.250	0.000	0.000	0.00000000000	0.000000000000000	15.822	3120.660	-55.060
46	1-METHYL-2-ETHYLBENZENE	120.195	651.000	3.040	460.000	0.260	0.294	-3.928	0.167	-0.00009841000	0.000000022280000	16.125	3535.330	-65.850
47	1-METHYL-2-ISOPROPYLBENZENE	134.222	670.000	2.898	0.000	0.000	0.277	0.000	0.000	0.00000000000	0.000000000000000	15.981	3564.520	-70.000
48	1-METHYL-2-ISOPROPYLBENZENE	134.222	666.000	2.938	0.000	0.000	0.279	-11.646	0.217	-0.00014460000	0.000000038870000	15.981	3543.790	-69.220
49	1-METHYL-3-ETHYLBENZENE	120.195	637.000	2.837	490.000	0.260	0.360	-6.926	0.174	-0.00010420000	2.388000000000000	30.220	16.155	3521.080
50	1-METHYL-4-ETHYLBENZENE	120.195	640.000	2.938	470.000	0.260	0.322	-6.523	0.171	-0.00010090000	0.000000022790000	16.114	3516.310	-64.230
51	1-METHYL-4-ISOPROPYLBENZENE	134.222	653.000	2.827	0.000	0.000	0.371	0.000	0.000	0.00000000000	0.000000000000000	15.942	3539.210	-70.100
52	1-METHYLNAPHTHALENE	142.201	772.000	3.567	445.000	0.250	0.334	-15.482	0.224	-0.00016580000	0.000000048140000	16.201	4206.700	-78.150
53	1-NONENE	126.243	592.000	2.341	580.000	0.280	0.430	0.888	0.194	-0.00010770000	0.000000023180000	16.012	3305.030	-67.610
54	1-OCTADECANOL	270.501	747.000	1.419	0.000	0.000	0.000	-2.079	0.417	-0.00023600000	0.000000051530000	15.690	3757.820	-193.100
55	1-OCTADECENE	252.486	739.000	1.135	0.000	0.000	0.807	-2.706	0.398	-0.00022390000	0.000000048930000	16.222	4416.130	-127.300
56	1-OCTANOL	130.231	58.000	3.445	490.000	0.310	0.530	1.474	0.182	-0.00009069000	0.000000014960000	15.743	3017.810	-137.100
57	1-OCTENE	112.216	566.600	2.624	464.000	0.260	0.386	-0.979	0.173	-0.00009641000	0.000000020720000	15.963	3116.520	-60.390
58	1-PENTADECENE	210.405	704.000	1.459	0.000	0.000	0.682	-2.198	3.302	-1.00000000000	-1.859000000000000	347.460	-54.310	38.970
59	1-PENTANOL	88.150	586.000	3.850	326.000	0.260	0.580	0.924	0.121	-0.00006304000	0.000000012230000	16.527	3026.890	-105.000
60	1-PENTENE	70.135	464.700	4.053	300.000	0.310	0.245	-0.032	0.103	-0.00005534000	0.000000011180000	15.765	2405.960	-39.630
61	1-PENTYNE	68.119	493.400	4.053	278.000	0.275	0.164	4.315	0.084	-0.00004570000	0.000000009787000	16.043	2515.620	-45.970
62	1-PROPANOL	60.096	536.700	5.168	218.500	0.253	0.624	0.590	0.079	-0.00004431000	0.000000010260000	17.544	3166.380	-80.150
63	1-TERADECENE	196.378	689.000	1.560	0.000	0.000	0.644	-1.903	3.071	-1.00000000000	-1.722000000000000	336.130	-49.360	36.990
64	1-TRANS-3-PENTADIENE	68.119	496.000	3.992	275.000	0.266	0.175	7.330	0.067	-0.00001603000	-0.000000005617000	15.918	2541.690	-41.430
65	1-TRIDECENE	182.351	674.000	1.702	0.000	0.000	0.598	-1.700	2.845	-1.00000000000	-1.594000000000000	323.710	-44.450	34.960
66	1-UNDECENE	154.297	637.000	1.996	0.000	0.000	0.518	-1.334	0.240	-0.00013380000	0.000000029050000	16.041	3597.720	-83.410
67	"2,2 DIMETHYL BUTANE"	86.178	488.700	3.080	359.000	0.272	0.231	-3.973	0.150	-0.00008314000	0.000000016360000	15.554	2489.500	-43.810
68	"2,2,3 TRIMETHYLPETANE"	114.232	563.400	2.726	436.000	0.254	0.297	2.201	0.188	-0.00010510000	0.000000023160000	15.716	2981.560	-54.730
69	"2,2,3,3-TETRAMETHYLHEPTANE"	142.286	623.100	2.513	0.000	0.000	0.360	-14.052	0.294	-0.00021100000	0.000000061740000	15.760	3371.050	-64.090
70	"2,2,3,3-TETRAMETHYLPENTANE"	128.259	607.600	2.736	0.000	0.000	0.279	-13.037	0.260	-0.00018080000	0.000000051160000	15.728	3220.550	-59.310
71	"2,2,3,4-TETRAMETHYLPENTANE"	128.259	592.700	2.604	0.000	0.000	0.311	-13.037	0.260	-0.00018080000	0.000000051660000	15.736	3167.420	-58.210
72	"2,2,3-TRIMETHYLBUTANE"	100.205	531.100	2.959	398.000	0.267	0.251	-5.480	0.180	-0.00010560000	0.000000024000000	15.640	2764.400	-47.100
73	"2,2,3-TRIMETHYLHEXANE"	128.259	588.000	2.493	0.000	0.000	0.332	-10.899	0.252	-0.00017130000	0.000000047450000	15.802	3164.170	-61.660
74	"2,2,4 TRIMETHYLPENTANE"	114.232	543.900	2.564	468.000	0.266	0.303	-1.782	0.186	-0.00010240000	0.000000021910000	15.685	2896.280	-52.410
75	"2,2,4,4-TETRAMETHYLPENTANE"	128.259	574.700	2.482	0.000	0.000	0.315	-16.099	0.279	-0.00020570000	0.000000061470000	15.649	3049.980	-57.130
76	"2,2,4-TRIMETHYLHEXANE"	128.259	573.700	2.371	0.000	0.000	0.321	-14.405	0.264	-0.00018420000	0.000000052250000	15.764	3084.080	-61.940
77	"2,2,5,5-TETRAMETHYLHEPTANE"	142.286	581.500	2.189	0.000	0.000	0.374	-14.890	0.297	-0.00021390000	0.000000062530000	15.845	3172.920	-66.150
78	"2,2,5-TRIMETHYLHEXANE"	128.259	568.000	2.330	519.000	0.260	0.357	-12.923	0.262	-0.00018500000	0.000000053850000	15.745	3052.170	-62.240
79	"2,2-DIMETHYL PROPANE"	72.151	433.800	3.202	303.000	0.269	0.197	-3.963	0.133	-0.00007897000	0.000000018230000	15.207	2034.150	-45.370
80	"2,2-DIMETHYL-1-PROPANOL"	88.150	549.000	3.952	319.000	0.280	0.000	2.903	0.129	-0.00007547000	0.000000017010000	18.134	3694.960	-65.000
81	"2,2-DIMETHYLHEXANE"	114.232	549.800	2.533	478.000	0.264	0.338	-2.201	0.188	-0.00010510000	0.000000023160000	15.743	2932.560	-58.080
82	"2,2-DIMETHYLPENTANE"	100.205	520.400	2.776	416.000	0.267	0.289	-11.966	0.214	-0.00015190000	0.000000041460000	15.692	2740.150	-49.850
83	"2,3 DIMETHYL BUTANE"	86.178	499.900	3.131	358.000	0.270	0.247	-3.489	0.147	-0.00008063000	0.000000016290000	15.680	2595.440	-44.250
84	"2,3,3 TRIMETHYLPENTANE"	114.232	573.500	2.817	455.000	0.269	0.290	-2.201	0.188	-0.00010510000	0.000000023160000	15.758	3057.940	-52.770
85	"2,3,3,4-TETRAMETHYLPENTANE"	128.259	607.600	2.716	0.000	0.000	0.299	-13.117	0.261	-0.00018160000	0.000000051540000	15.803	3269.070	-58.190
86	"2,3,3-TRIMETHYL-1-BUTENE"	98.189	533.000	2.898	400.000	0.260	0.192	0.000	0.000	0.00000000000	0.000000000000000	15.654	2719.470	-49.560
87	"2,3,4 TRIMETHYLPENTANE"	114.232	56.300	2.726	461.000	0.267	0.317	-2.201	0.188	-0.00010510000	0.000000023160000	15.782	3028.090	55.620
88	"2,3-DIMETHYL-1-BUTENE"	84.162	501.000	3.242	343.000	0.270	0.221	1.678	0.133	-0.00008828000	0.000000025390000	15.801	2612.690	-43.780
89	"2,3-DIMETHYL-2-BUTENE"	84.162	524.000	3.364	351.000	0.270	0.239	0.548	0.115	-0.00005252000	0.000000007265000	16.004	2798.630	-47.710
90	"2,3-DIMETHYLHEXANE"	114.232	563.400	2.624	468.000	0.262	0.346	-2.201	0.188	-0.00010510000	0.000000023160000	15.819	3029.060	-58.990
91	"2,3-DIMETHYLPENTANE"	100.205	537.300	2.908	393.000	0.256	0.299	-1.683	0.163	-0.00008919000	0.000000018710000	15.782	2850.640	-51.330
92	"2,3-DIMETHYLPYRIDINE"	107.156	655.400	0.000	0.000	0.000	0.000	0.000	0.000	0.00000000000	0.000000000000000	17.149	4219.740	-33.040
93	"2,3-XYLENOL"	122.167	722.800	0.000	0.000	0.000	0.000	0.000	0.000	0.00000000000	0.000000000000000	16.242	3724.580	-102.400
94	"2,4-DIMETHYLHEXANE"	114.232	553.500	2.553	472.000	0.262	0.343	-2.201	0.188	-0.00010510000	0.000000023160000	15.780	2965.440	-58.360
95	"2,4-DIMETHYLPENTANE"	100.205	519.700	2.736	418.000	0.265	0.306	-1.683	0.163	-0.00008919000	0.000000018710000	15.718	2744.780	-51.520
96	"2,4-XYLENOL"	122.167	707.600	0.000	0.000	0.000	0.000	0.000	0.000	0.00000000000	0.000000000000000	16.246	3655.260	-103.800
97	"2,5-DIMETHYLHEXANE"	114.232	550.000	2.482	42.000	0.262	0.352	-2.201	0.188	-0.00010510000	0.000000023160000	15.795	2964.060	-58.740
98	"2,5-DIMETHYLPYRIDINE"	107.156	644.200	0.000	0.000	0.000	0.000	0.000	0.000	0.00000000000	0.000000000000000	16.305	3545.140	-63.590
99	"2,5-XYLENOL"	122.167	723.000	0.000	0.000	0.000	0.000	0.000	0.000	0.00000000000	0.000000000000000	16.237	3667.320	-102.400
100	"2,6-XYLENOL"	122.167	701.000	0.000	0.000	0.000	0.000	0.000	0.000	0.00000000000	0.000000000000000	16.281	3749.350	-85.550
101	2-BUTANOL	74.123	536.000	4.195	268.000	0.252	0.576	1.374	0.101	-0.00005561000	0.000000011400000	17.210	3026.030	-86.650
102	2-BUTYNE	54.092	488.600	5.087	221.000	0.277	0.124	3.804	0.057	-0.00002555000	0.000000004188000	16.287	2536.780	-37.340
103	2-CHLOROBUTANE	92.569	520.600	3.952	305.000	0.280	0.300	-0.820	0.109	-0.00007119000	0.000000019720000	15.991	2753.430	-47.150
104	2-ETHYLHEXANOL	130.231	613.000	2.756	494.000	0.267	0.000	-3.581	0.207	-0.00012610000	0.000000030680000	15.361	2773.460	-140.000
105	2-METHYL BUTANE	72.151	460.400	3.384	306.000	0.271	0.227	-2.275	0.121	-0.00006519000	0.000000013670000	15.634	2348.670	-40.050
106	2-METHYL PENTANE	86.178	497.500	3.009	367.000	0.267	0.279	-2.524	0.148	-0.00008533000	0.000000019310000	15.748	2614.380	-46.580
107	"2-METHYL-1,3-BUTADIENE"	68.119	484.000	3.850	276.000	0.264	0.164	-0.815	0.110	-0.00007971000	0.000000023890000	15.855	2467.400	-39.640
108	2-METHYL-1-BUTANOL	88.150	571.000	3.850	322.000	0.260	0.700	-2.267	0.136	-0.00008315000	0.000000020630000	16.271	2752.190	-116.300
109	2-METHYL-1-BUTENE	70.135	465.000	3.445	294.000	0.262	0.232	2.525	0.095	-0.00004648000	0.000000007915000	15.826	2426.420	-40.360
110	2-METHYL-2-BUTENE	70.135	470.000	3.445	318.000	0.280	0.285	2.819	0.084	-0.00002667000	-0.000000001387000	15.924	2521.530	-40.310
111	2-METHYL-2-PENTENE	84.162	518.000	3.283	351.000	0.270	0.229	-3.523	0.135	-0.00007979000	0.000000019020000	15.942	2725.890	-47.640
112	2-METHYL-3-ETHYLPENTANE	114.232	567.000	2.705	443.000	0.254	0.330	-2.201	0.188	-0.00010510000	0.000000023160000	15.804	3035.080	-57.840
113	2-METHYLHEPTANE	114.232	559.600	2.482	488.000	0.260	0.378	-21.435	0.297	-0.00028080000	0.000000110300000	15.928	3079.630	-59.460
114	2-METHYLHEXANE	100.205	530.300	2.736	421.000	0.261	0.330	-9.408	0.206	-0.00015020000	0.000000043860000	15.826	2845.060	-53.600
115	2-METHYLNAPHTHALENE	142.201	761.000	3.506	462.000	0.260	0.382	-13.499	0.215	-0.00015450000	0.000000043950000	16.276	4237.370	-74.750
116	2-OCTANOL	130.231	637.000	2.736	494.000	0.260	0.520	6.181	0.183	-0.00010090000	0.000000021650000	14.711	2441.660	-150.700
117	"3,3,5-TRIMETHYLHEPTANE"	142.286	609.600	2.320	0.000	0.000	0.388	-16.808	0.294	-0.00020650000	0.000000058640000	15.785	3305.200	-67.660
118	"3,3-DIETHYLPENTANE"	128.259	610.000	2.675	0.000	0.000	0.338	-16.067	0.269	-0.00019080000	0.000000055080000	15.871	3341.620	-57.570
119	"3,3-DIMETHYL-1-BUTENE"	84.162	490.000	3.253	340.000	0.270	0.121	-2.999	0.131	-0.00006963000	0.000000012440000	15.376	2326.800	-48.240
120	"3,3-DIMETHYLHEXANE"	114.232	562.000	2.655	443.000	0.252	0.321	-2.201	0.188	-0.00010510000	0.000000023160000	15.776	3011.510	-55.710
121	"3,3-DIMETHYLPENTANE"	100.205	536.300	2.949	414.000	0.274	0.270	-1.683	0.163	-0.00008919000	0.000000018710000	15.719	2829.100	-47.830
122	"3,4 DIMETHYLHEXANE"	114.232	568.800	2.695	466.000	0.265	0.338	-2.201	0.188	-0.00010510000	0.000000023160000	15.842	3062.520	-58.290
123	"3,4-DIMETHYLPYRIDINE"	107.156	683.800	0.000	0.000	0.000	0.000	0.000	0.000	0.00000000000	0.000000000000000	16.952	4237.040	-41.650
124	"3,4-XYLENOL"	122.167	729.800	0.000	0.000	0.000	0.000	0.000	0.000	0.00000000000	0.000000000000000	16.300	3733.530	-113.900
125	"3,5-DIMETHYLPYRIDINE"	107.156	667.200	0.000	0.000	0.000	0.000	0.000	0.000	0.00000000000	0.000000000000000	16.885	4106.950	-44.450
126	"3,5-XYLENOL"	122.167	715.600	0.000	0.000	0.000	0.000	0.000	0.000	0.00000000000	0.000000000000000	16.419	3775.910	-109.000
127	3-ETHYLHEXANE	114.232	565.400	2.604	455.000	0.252	0.361	-2.201	0.188	-0.00010510000	0.000000023160000	15.867	3057.570	-60.550
128	3-ETHYLPENTANE	100.205	540.600	2.888	416.000	0.267	0.310	-1.683	0.163	-0.00008919000	0.000000018710000	15.832	2882.440	-53.260
129	3-METHYL PENTANE	86.178	504.400	3.121	367.000	0.273	0.275	-0.570	0.136	-0.00006854000	0.000000012020000	15.770	2653.430	-46.020
130	"3-METHYL-1,2-BUTADIENE"	68.119	496.000	4.114	267.000	0.266	0.160	3.508	0.086	-0.00004719000	0.000000010180000	15.988	2541.830	-42.260
131	3-METHYL-1-BUTANOL	88.150	579.500	3.850	329.000	0.260	0.580	-2.279	0.136	-0.00008323000	0.000000020660000	16.713	3026.430	-104.100
132	3-METHYL-1-BUTENE	70.135	450.000	3.516	300.000	0.282	0.209	5.193	0.093	-0.00004794000	0.000000009579000	15.718	2333.610	-36.330
133	3-METHYL-2-BUTANOL	88.150	545.000	3.952	319.000	0.280	0.500	-2.887	0.146	-0.00010040000	0.000000029340000	15.011	1988.080	-137.800
134	3-METHYL-3-ETHYLPENTANE	114.232	576.600	2.807	455.000	0.267	0.304	-2.201	0.188	-0.00015010000	0.000000023160000	15.813	3102.060	53.470
135	3-METHYL-CIS-2-PENTENE	84.162	518.000	3.283	351.000	0.270	0.269	-3.523	0.135	-0.00007979000	0.000000019020000	15.912	2731.790	-46.470
136	3-METHYLHEPTANE	114.232	563.600	2.543	464.000	0.252	0.369	-2.201	0.188	-0.00010510000	0.000000023160000	15.887	3065.960	-60.740
137	3-METHYLHEXANE	100.205	535.200	2.817	404.000	0.256	0.324	-1.683	0.163	-0.00008919000	0.000000018710000	15.813	2855.660	-53.930
138	3-METHYL-TRANS-2-PENTENE	84.162	521.000	3.293	350.000	0.270	0.207	-3.523	0.135	-0.00007979000	0.000000019020000	15.948	2750.500	-48.330
139	4- METHYL PYRIDINE	93.129	646.000	4.458	311.000	0.260	0.270	-4.163	0.117	-0.00006683000	0.000000013020000	16.214	3409.400	-62.650
140	4-METHYL-CIS-2-PENTENE	84.162	490.000	3.040	360.000	0.270	0.290	-0.400	0.128	-0.00007271000	0.000000016130000	15.753	2580.520	-46.560
141	4-METHYLHEPTANE	114.232	561.700	2.543	476.000	0.259	0.369	-2.201	0.188	-0.00010510000	0.000000023160000	15.889	3057.050	-60.590
142	4-METHYL-TRANS-2-PENTENE	84.162	493.000	3.040	360.000	0.270	0.290	3.016	0.123	-0.00007182000	0.000000017500000	15.843	2631.570	-46.000
143	ACETALDEHYDE	44.054	461.000	5.573	154.000	0.220	0.303	1.843	0.044	-0.00002404000	0.000000005685000	16.248	2465.150	-37.150
144	ACETIC ACID	60.052	594.400	5.786	171.000	0.200	0.454	1.156	0.061	-0.00004187000	0.000000011820000	16.808	3405.570	-56.340
145	ACETIC ANHYDRIDE	102.089	569.000	4.681	290.000	0.287	0.000	-5.524	0.122	-0.00008551000	0.000000023490000	16.398	3287.560	-75.110
146	ACETONE	58.080	508.100	4.701	209.000	0.232	0.309	1.505	0.062	-0.00002992000	0.000000004867000	16.651	2940.460	-35.930
147	ACETONITRILE	41.053	548.000	4.833	173.000	0.184	0.321	4.892	0.029	-0.00001073000	0.000000000765000	16.287	2945.470	-49.150
148	ACETYL CHLORIDE	78.498	508.000	5.877	204.000	0.280	0.344	5.976	0.041	-0.00002354000	0.000000005300000	15.751	2447.330	-55.330
149	ACETYLENE	26.038	308.300	6.140	113.000	0.271	0.184	6.406	0.018	-0.00001196000	0.000000003373000	16.348	1637.184	-19.770
150	ACROLEIN	56.064	506.000	5.168	0.000	0.000	0.330	2.859	0.050	-0.00002557000	0.000000004552000	15.906	2606.530	-45.150
151	ACRYLIC ACID	72.064	615.000	5.674	210.000	0.230	0.560	0.416	0.076	-0.00005618000	0.000000016660000	16.562	3319.180	-80.150
152	ACRYLONITRILE	53.064	536.000	4.560	210.000	0.210	0.350	2.554	0.053	-0.00003739000	0.000000010990000	15.925	2782.210	-51.150
153	ALLYL ALCOHOL	58.080	545.000	5.715	203.000	0.256	0.630	-0.264	0.075	-0.00004853000	0.000000012710000	16.907	2928.200	-85.150
154	ALLYL CHLORIDE	76.526	514.000	4.762	234.000	0.260	0.130	0.604	0.073	-0.00005442000	0.000000017420000	15.977	2531.920	-47.150
155	ALLYL CYANIDE	67.091	585.000	3.952	265.000	0.220	0.390	5.183	0.061	-0.00002847000	0.000000002936000	16.002	3128.750	-58.150
156	ALPHA-METHYL STYRENE	118.179	654.000	3.405	397.000	0.250	0.000	-5.811	0.166	-0.00010820000	0.000000028020000	16.331	3644.300	-67.150
157	AMMONIA	17.031	405.600	11.277	72.500	0.242	0.250	6.524	0.006	0.00000407800	-0.000000002830000	16.948	2132.500	-32.980
158	ANILINE	93.129	699.000	5.309	270.000	0.247	0.382	9.677	0.153	-0.00012260000	0.000000039010000	16.675	3857.520	-73.150
159	ANTHRACENE	178.234	883.000	0.000	0.000	0.000	0.000	-14.087	2.402	-1.00000000000	-1.575000000000000	405.810	53.700	0.000
160	ARGON	39.948	150.800	4.874	74.900	0.291	-0.004	4.969	0.000	0.00000001234	0.000000000000000	15.233	700.510	-5.840
161	BENZALDEHYDE	106.124	695.000	4.661	0.000	0.000	0.320	-2.900	0.119	-0.00006794000	0.000000012340000	16.350	3748.620	-66.120
162	BENZENE	78.114	562.100	4.894	259.000	0.271	0.212	8.101	0.113	-0.00007206000	0.000000017030000	15.901	2788.510	-52.360
163	BENZOIC ACID	122.124	752.000	4.560	341.000	0.250	0.620	-12.251	0.150	-0.00010120000	0.000000025370000	17.163	4190.700	-125.200
164	BENZONITRILE	103.124	699.400	4.215	0.000	0.000	0.360	-6.221	0.137	-0.00010580000	0.000000032220000	0.000	0.000	0.000
165	BENZYL ALCOHOL	108.140	677.000	4.661	334.000	0.280	0.710	-1.767	0.131	-0.00008019000	0.000000018560000	17.458	4384.810	-73.150
166	BORON TRICHLORIDE	117.169	452.000	3.871	0.000	0.000	0.150	0.000	0.000	0.00000000000	0.000000000000000	0.000	0.000	0.000
167	BORON TRIFLUORIDE	67.805	260.800	4.985	0.000	0.000	0.420	0.000	0.000	0.00000000000	0.000000000000000	0.000	0.000	0.000
168	BROMINE	159.808	584.000	10.335	127.000	0.270	0.132	8.087	0.003	-0.00000284600	0.000000001083000	15.844	2582.320	-51.560
169	BROMOBENZENE	157.010	670.000	4.519	324.000	0.263	0.249	-6.880	0.128	-0.00009746000	0.000000028940000	15.797	3313.000	-67.710
170	BUTYL BENZOATE	178.232	723.000	2.634	561.000	0.250	0.580	-4.148	0.207	-0.00011010000	0.000000017280000	16.336	4158.470	-94.150
171	BUTYL ETHER	130.231	580.000	2.533	500.000	0.260	0.500	1.446	0.185	-0.00009758000	0.000000019310000	16.078	3296.150	-66.150
172	BUTYRONITRILE	69.107	582.200	3.790	285.000	0.223	0.371	3.633	0.077	-0.00003912000	0.000000007123000	16.209	3202.210	-56.160
173	"C,C,T-1,2,4-TRIMETHYLCYCLOPENTANE"	112.216	579.000	28.776	0.000	0.000	0.277	0.000	0.000	0.00000000000	0.000000000000000	15.754	3073.950	54.200
174	"C,T,C-1,2,4-TRIMETHYLCYCLOPENTANE"	112.216	571.000	2.807	0.000	0.000	0.246	0.000	0.000	0.00000000000	0.000000000000000	15.776	3009.700	53.230
175	CAPRYLONITRILE	153.269	622.000	3.253	0.000	0.000	0.000	0.000	0.000	0.00000000000	0.000000000000000	0.000	0.000	0.000
176	CARBON DIOXIDE	44.010	304.200	7.376	94.000	0.274	0.225	4.728	0.018	-0.00001338000	0.000000004097000	22.590	3103.390	-0.160
177	CARBON DISULFIDE	76.131	552.000	7.903	170.000	0.293	0.115	6.555	0.019	-0.00001831000	0.000000006384000	15.984	2690.830	-31.620
178	CARBON MONOXIDE	28.018	32.900	3.496	93.100	0.295	0.049	7.373	-0.003	0.00000666200	-0.000000003037000	14.369	530.220	-13.150
179	CARBON TETRACHLORIDE	153.823	556.400	4.560	276.000	0.272	0.194	9.725	0.049	-0.00005421000	0.000000021120000	15.874	2808.190	-45.990
180	CARBON TETRAFLUORIDE	88.005	227.600	3.739	140.000	0.277	0.191	3.339	0.048	-0.00003882000	0.000000010780000	16.054	1244.550	-13.060
181	CARBONYL SULFIDE	60.070	375.000	5.877	140.000	0.260	0.099	5.629	0.019	-0.00001676000	0.000000005860000	0.000	0.000	0.000
182	CHLORINE	70.906	417.000	7.701	124.000	0.275	0.073	6.432	0.008	-0.00000924100	0.000000003695000	15.961	1978.320	-27.010
183	CHLOROBENZENE 	112.559	632.400	4.519	308.000	0.265	0.249	-8.094	0.135	-0.00010800000	0.000000034070000	16.068	3295.120	-55.600
184	CHLORODIFLUOROMETHANE	86.469	369.200	4.975	165.000	0.267	0.215	4.132	0.039	-0.00002794000	0.000000007305000	15.560	1704.800	-41.300
185	CHLOROFORM	119.378	536.400	5.472	239.000	0.293	0.216	5.733	0.045	-0.00004397000	0.000000001590000	15.973	2696.790	-46.160
186	CHLOROPENTAFLUOROETHANE	154.467	353.200	3.161	252.000	0.271	0.253	6.648	0.083	-0.00006904000	0.000000019440000	15.734	1848.900	-30.880
187	CHLOROTRIFLUOROMETHANE	104.459	302.000	3.921	180.000	0.282	0.180	5.449	0.046	-0.00003765000	0.000000010650000	0.000	0.000	0.000
188	"CIS-1,2-DIMETHYLCYCLOHEXANE"	112.216	606.000	2.969	0.000	0.000	0.236	-17.222	0.215	-0.00011990000	0.000000024610000	15.654	3043.340	-55.300
189	"CIS-1,2-DIMETHYLCYCLOPENTANE"	98.189	564.800	3.445	368.000	0.270	0.269	-13.290	0.182	-0.00010710000	0.000000024220000	15.773	2922.300	-52.940
190	"CIS-1,3-DIMETHYLCYCLOHEXANE"	112.216	591.000	2.969	0.000	0.000	0.224	-15.564	0.211	-0.00011780000	0.000000024360000	15.747	3081.950	-55.080
191	"CIS-1,4-DIMETHYLCYCLOHEXANE"	112.216	598.000	2.969	0.000	0.000	0.234	-15.323	0.211	-0.00011980000	0.000000025520000	15.733	3098.390	-57.000
192	CIS-2-BUTENE	56.108	435.600	4.205	234.000	0.272	0.202	0.105	0.071	-0.00002431000	-0.000000000147000	15.817	2210.710	-36.150
193	CIS-2-HEXENE	84.162	518.000	3.283	351.000	0.270	0.256	2.343	0.127	-0.00006490000	0.000000011530000	16.206	2897.970	-39.300
194	CIS-2-PENTENE	70.135	476.000	3.648	300.000	0.280	0.240	-3.414	0.110	-0.00006068000	0.000000013030000	15.825	2459.050	-42.560
195	CIS-3-HEXENE	84.162	517.000	3.283	350.000	0.270	0.225	5.190	0.139	-0.00008028000	0.000000017810000	15.838	2680.520	-48.400
196	CIS-DECALIN	138.254	702.200	3.141	0.000	0.000	0.230	-26.860	0.267	-0.00015780000	0.000000034320000	15.831	3671.610	-69.740
197	CYANOGEN	52.035	400.000	5.978	0.000	0.000	0.240	8.583	0.022	-0.00001946000	0.000000007045000	0.000	0.000	0.000
198	CYCLOBUTANE	56.108	459.900	4.985	210.000	0.274	0.209	-12.003	0.120	-0.00008498000	0.000000025010000	15.925	2359.090	-31.780
199	CYCLOHEPTANE	98.189	589.000	3.719	390.000	0.300	0.336	-18.197	0.188	-0.00010040000	0.000000018060000	15.782	3066.050	-56.800
200	CYCLOHEXANE	84.162	553.400	4.073	308.000	0.273	0.213	-13.027	0.146	-0.00006027000	0.000000003156000	15.753	2766.630	-50.500
201	CYCLOHEXANOL	100.161	625.000	3.749	327.000	0.240	0.550	-13.264	0.172	-0.00009760000	0.000000019670000	0.000	0.000	0.000
202	CYCLOHEXANONE	95.145	629.000	3.850	312.000	0.230	0.443	-9.030	0.132	-0.00004665000	-0.000000003664000	0.000	0.000	0.000
203	CYCLOHEXENE	82.146	560.400	4.347	292.000	0.270	0.210	-16.397	0.173	-0.00012930000	0.000000039270000	15.824	2813.530	-49.980
204	CYCLOPENTANE	70.135	511.600	4.509	260.000	0.276	0.192	-12.808	0.130	-0.00007239000	0.000000015490000	15.857	2588.480	-41.790
205	CYCLOPENTANONE	84.118	626.000	5.370	268.000	0.280	0.350	-9.707	0.125	-0.00007462000	0.000000017030000	16.090	3193.920	-66.150
206	CYCLOPENTENE	68.119	506.000	0.000	0.000	0.000	0.000	-9.915	0.111	-0.00006160000	0.000000012980000	15.936	2583.070	-39.870
207	CYCLOPROPANE	42.081	397.800	5.492	170.000	0.282	0.264	-8.417	0.091	-0.00006882000	0.000000021580000	15.860	1971.040	-26.650
208	DEUTERIUM	4.032	38.400	1.662	60.300	0.314	-0.130	7.225	-0.002	0.00000279400	-0.000000000880000	13.295	157.890	0.000
209	DEUTERIUM OXIDE	20.031	644.000	21.663	55.600	0.225	0.000	0.000	0.000	0.00000000000	0.000000000000000	0.000	0.000	0.000
210	DIBROMOMETHANE	173.835	583.000	7.194	0.000	0.000	0.000	0.000	0.000	0.00000000000	0.000000000000000	0.000	0.000	0.000
211	DIBUTYLAMINE	129.247	596.000	2.533	517.000	0.260	0.590	2.332	0.193	-0.00010490000	0.000000022090000	16.731	3721.900	-64.150
212	DIBUTYL-O-PHTHALATE	278.350	0.000	0.000	0.000	0.000	0.000	0.449	2.995	-1.00000000000	-1.462000000000000	336.240	0.000	0.000
213	DICHLORODIFLUOROMETHANE	120.914	385.000	4.124	217.000	0.280	0.176	7.547	0.043	-0.00003603000	0.000000010370000	0.000	0.000	0.000
214	DICHLOROMETHANE	84.933	510.000	6.080	193.000	0.277	0.193	3.094	0.039	-0.00003110000	0.000000001005000	16.303	2622.440	-41.700
215	DICHLOROMONOFLUOROMETHANE	102.923	451.600	5.168	197.000	0.272	0.202	5.652	0.038	-0.00002866000	0.000000007795000	0.000	0.000	0.000
216	DIETHYL AMINE	45.085	437.600	5.309	187.000	0.272	0.288	-0.041	0.064	-0.00003175000	0.000000005587000	16.265	2358.770	-35.150
217	DIETHYL AMINE	73.139	496.600	3.708	301.000	0.270	0.299	0.487	0.106	-0.00005214000	0.000000008725000	16.055	2595.010	-53.150
218	DIETHYL DISULFIDE	122.244	642.000	0.000	0.000	0.000	0.000	6.424	0.110	-0.00006472000	0.000000014260000	16.061	3421.570	-64.190
219	DIETHYL KETONE	86.134	561.000	3.739	336.000	0.269	0.347	7.168	0.094	-0.00004554000	0.000000008115000	16.814	3410.510	-40.150
220	DIETHYL SULFIDE	90.180	557.000	3.962	318.000	0.272	0.300	3.247	0.095	-0.00004251000	0.000000006327000	15.953	2896.270	-54.490
221	DIETHYLENE GLYCOL	106.122	681.000	0.608	316.000	0.260	0.000	17.450	0.083	-0.00003506000	0.000000004410000	17.033	4122.520	-122.500
222	DIHEXYL ETHER	186.339	657.000	1.824	720.000	0.240	0.700	8.010	0.256	-0.00013220000	0.000000040070000	16.337	3982.780	-89.150
223	DIISOPROPYL ETHER	102.177	500.000	2.878	386.000	0.267	0.340	1.792	0.140	-0.00007229000	0.000000013960000	16.342	2895.730	-43.150
224	DIMETHYL ETHER	46.069	400.000	5.370	178.000	0.287	0.192	4.064	0.043	-0.00001250000	-0.000000000458000	16.847	2361.440	-17.100
225	DIMETHYL OXALATE	118.090	628.000	3.982	0.000	0.000	0.000	0.000	0.000	0.00000000000	0.000000000000000	0.000	0.000	0.000
226	DIMETHYL SULFIDE	62.130	503.000	5.532	201.000	0.266	0.190	5.805	0.045	-0.00001642000	0.000000000979000	16.000	2511.560	-42.350
227	DIPHENYL	154.212	789.000	3.850	502.000	0.295	0.364	-23.184	0.264	-0.00021150000	0.000000066640000	16.683	4602.230	-70.420
228	DIPHENYL ETHER	170.211	766.000	3.141	0.000	0.000	0.440	-14.505	0.222	-0.00014020000	0.000000032450000	16.346	4310.250	-87.310
229	DIPHENYLMETHANE	168.239	29.400	0.000	0.000	0.000	0.471	0.000	0.000	0.00000000000	0.000000000000000	14.486	2902.440	-167.900
230	DIPROPYLAMINE	101.193	550.000	3.141	407.000	0.280	0.455	1.543	0.150	-0.00008098000	0.000000016890000	16.594	3259.080	-55.150
231	DODECANOL	186.339	679.000	1.925	718.000	0.240	0.000	2.203	2.635	-1.00000000000	-1.275000000000000	398.890	-105.840	-20.810
232	ETHANE	30.070	305.400	4.884	148.000	0.285	0.098	1.292	0.043	-0.00001657000	0.000000002081000	15.664	1511.420	-17.160
233	ETHANOL	46.069	516.200	6.383	167.000	0.248	0.635	2.153	0.051	-0.00002004000	0.000000000328000	18.912	3803.980	-41.680
234	ETHYL ACETATE	88.107	523.200	3.830	286.000	0.252	0.363	1.728	0.097	-0.00004996000	0.000000006818000	16.152	2790.500	-57.150
235	ETHYL ACRYLATE	100.118	552.000	3.749	320.000	0.261	0.400	4.015	0.881	-0.00003300000	-0.000000001369000	16.089	2974.940	-58.150
236	ETHYL AMINE	45.085	456.000	5.624	178.000	0.264	0.284	0.882	0.066	-0.00003781000	0.000000009096000	17.007	2618.730	-37.300
237	ETHYL BENZOATE	150.178	697.000	3.242	451.000	0.250	0.480	4.937	0.165	-0.00008618000	0.000000012090000	16.207	3845.090	-84.150
238	ETHYL BROMIDE	108.966	503.800	6.231	215.000	0.320	0.254	1.590	0.056	-0.00003517000	0.000000009086000	15.934	2511.680	-41.440
239	ETHYL BUTYL ETHER	102.177	531.000	3.040	390.000	0.270	0.400	5.643	0.128	-0.00006039000	0.000000009928000	16.048	2921.520	-55.150
240	ETHYL BUTYRATE	116.160	566.000	3.141	395.000	0.260	0.470	5.137	0.118	-0.00004629000	0.000000000850000	15.999	3127.600	-60.150
241	ETHYL CHLORIDE	64.515	460.400	5.269	199.000	0.274	0.190	-0.132	0.062	-0.00004394000	0.000000013250000	15.980	2332.010	-36.480
242	ETHYL ETHER	74.123	466.700	3.638	280.000	0.262	0.281	5.117	0.080	-0.00002473000	-0.000000002235000	16.083	2511.290	-41.950
243	ETHYL FLUORIDE	48.060	375.300	5.026	169.000	0.272	0.238	1.038	0.052	-0.00002784000	0.000000005757000	16.069	1966.890	-27.000
244	ETHYL FORMATE	74.080	508.400	4.742	229.000	0.257	0.283	5.893	0.055	-0.00000506300	-0.000000012800000	16.161	2603.300	-54.150
245	ETHYL ISOBUTYRATE	116.160	553.000	3.040	410.000	0.270	0.427	0.000	0.000	0.00000000000	0.000000000000000	0.000	0.000	0.000
246	ETHYL MERCAPTAN	62.134	499.000	5.492	207.000	0.274	0.190	3.564	0.056	-0.00003239000	0.000000007552000	16.008	2497.230	-41.770
247	ETHYL PROPIONATE	102.134	546.000	3.364	345.000	0.256	0.395	4.742	0.096	-0.00003432000	-0.000000001768000	16.162	2935.110	-64.170
248	ETHYL PROPYL ETHER	88.150	500.600	3.253	0.000	0.000	0.331	0.000	0.000	0.00000000000	0.000000000000000	15.454	2423.410	-62.280
249	ETHYLBENZENE	106.168	617.100	3.607	374.000	0.263	0.301	-10.294	0.169	-0.00011490000	0.000000031070000	16.020	3279.470	-59.950
250	ETHYLCYCLOHEXANE	112.216	609.000	3.030	450.000	0.270	0.243	-15.260	0.212	-0.00012200000	0.000000026340000	15.813	3183.250	-58.150
251	ETHYLCYCLOPENTANE	98.189	569.500	3.394	375.000	0.269	0.283	-13.211	0.179	-0.00010500000	0.000000023980000	15.858	2990.130	-52.470
252	ETHYLENE	28.054	282.400	5.036	129.000	0.276	0.085	0.909	0.037	-0.00001994000	0.000000004192000	15.537	1347.010	-18.150
253	ETHYLENE GLYCOL	62.069	645.000	7.701	186.000	0.270	0.000	8.526	0.059	-0.00003576000	0.000000007190000	20.250	6022.180	-28.250
254	ETHYLENE IMINE	43.069	0.000	0.000	0.000	0.000	0.000	-4.961	0.072	-0.00004927000	0.000000013490000	16.423	2610.440	-63.150
255	ETHYLENE OXIDE	44.054	469.000	7.194	140.000	0.258	0.200	-1.796	0.053	-0.00003001000	0.000000006190000	16.740	2567.610	-29.010
256	ETHYLENEDIAMINE	60.099	593.000	6.282	206.000	0.260	0.510	9.147	0.057	-0.00001036000	-0.000000009430000	16.408	3108.490	-72.150
257	FLUORINE	37.997	144.300	5.218	66.200	0.288	0.048	5.545	0.009	-0.00000826900	0.000000002876000	15.670	714.100	-6.000
258	FLUOROBENZENE	96.104	560.100	4.549	271.000	0.265	0.245	-9.250	0.135	-0.00010590000	0.000000032370000	16.549	3181.780	-37.590
259	FORMALDEHYDE	30.026	408.000	6.586	0.000	0.000	0.253	5.607	0.008	0.00000713000	-0.000000005494000	16.478	2204.130	-30.150
260	FORMIC ACID	46.025	580.000	0.000	0.000	0.000	0.000	2.798	0.032	-0.00002009000	0.000000004817000	16.988	3599.580	-26.090
261	FURAN	68.075	490.200	5.502	218.000	0.294	0.204	-8.486	0.103	-0.00008251000	0.000000025660000	16.061	2442.700	-45.410
262	GLYCEROL	92.095	726.000	6.687	255.000	0.280	0.000	2.012	0.106	-0.00007545000	0.000000022400000	17.239	4487.040	-140.200
263	HELIUM-4	4.003	5.190	0.227	57.300	0.301	-0.387	0.000	0.000	0.00000000000	0.000000000000000	12.251	33.733	1.790
264	HEPTADECANOL	256.474	736.000	1.419	0.000	0.000	0.000	-1.861	0.395	-0.00022320000	0.000000048810000	15.616	3672.620	-188.100
265	HYDRAZINE	32.045	653.000	14.692	96.100	0.260	0.328	2.333	0.045	-0.00003958000	0.000000014390000	17.990	3877.650	-45.150
266	HYDROGEN	2.016	33.200	1.297	65.000	0.305	-0.220	6.483	0.002	-0.00000329800	0.000000001826000	13.633	164.900	3.190
267	HYDROGEN BROMIDE	80.912	363.200	8.552	100.000	0.283	0.063	7.320	-0.002	0.00000411400	-0.000000001490000	14.469	1242.530	-47.860
268	HYDROGEN CHLORIDE	36.461	324.600	8.309	81.000	0.249	0.120	7.235	-0.002	0.00000297600	-0.000000000931000	16.504	1714.250	-14.450
269	HYDROGEN CYANIDE	27.026	456.800	5.390	139.000	0.197	0.407	5.222	0.014	-0.00001185000	0.000000004336000	16.514	2585.800	-37.150
270	HYDROGEN FLUORIDE	20.006	461.000	6.485	69.000	0.120	0.372	6.941	0.000	-0.00000048540	0.000000000598000	17.696	3404.490	15.060
271	HYDROGEN IODIDE	127.912	424.000	8.309	131.000	0.309	0.050	7.442	-0.003	0.00000709900	-0.000000003232000	12.915	957.960	-85.060
272	HYDROGEN SULFIDE	34.080	373.200	8.937	98.500	0.284	0.100	7.629	0.000	0.00000580900	-0.000000002810000	16.104	1768.690	-26.060
273	IODINE	253.808	819.000	11.652	155.000	0.265	0.299	8.501	0.002	-0.00000166900	0.000000000677000	16.160	3709.230	-68.160
274	IODOBENZENE	204.011	721.000	4.519	351.000	0.265	0.246	-6.992	0.133	-0.00010770000	0.000000034470000	16.145	3776.530	-64.380
275	ISOBUTANE	58.124	408.100	3.648	263.000	0.283	0.176	-0.332	0.092	-0.00004409000	0.000000006915000	15.538	2032.730	-33.150
276	ISOBUTANOL	74.123	547.700	4.296	273.000	0.257	0.588	-1.841	0.112	-0.00006888000	0.000000017270000	16.871	2874.730	-100.300
277	ISOBUTYL ACETATE	116.160	561.000	3.040	414.000	0.270	0.479	1.746	0.137	-0.00006152000	0.000000002630000	16.171	3092.830	-66.150
278	ISOBUTYL AMINE	73.139	516.000	4.256	284.000	0.280	0.000	2.267	0.104	-0.00005039000	0.000000005572000	16.142	2704.160	-56.150
279	ISOBUTYL FORMATE	102.134	551.000	3.881	350.000	0.296	0.390	4.741	0.096	-0.00003431000	-0.000000001768000	16.229	2980.470	-64.150
280	ISOBUTYLBENZENE	134.222	650.000	3.141	480.000	0.280	0.378	0.000	0.000	0.00000000000	0.000000000000000	15.952	3512.470	-69.030
281	ISOBUTYLCYCLOHEXANE	140.270	659.000	3.121	0.000	0.000	0.319	0.000	0.000	0.00000000000	0.000000000000000	15.814	3437.990	-69.990
282	ISOBUTYLENE	56.108	417.900	4.002	239.000	0.275	0.190	3.834	0.067	-0.00002607000	0.000000002173000	15.753	2125.750	-33.150
283	ISOBUTYRALDEHYDE	72.107	513.000	4.154	274.000	0.270	0.350	5.843	0.080	-0.00004913000	0.000000015210000	15.989	2676.980	-51.150
284	ISOBUTYRIC ACID	88.107	609.000	4.053	292.000	0.230	0.610	2.344	0.112	-0.00008884000	0.000000032250000	16.779	3385.490	-94.150
285	ISOPROPYL ALCOHOL	60.096	508.300	4.762	220.000	0.248	0.000	7.745	0.045	0.00001530000	-0.000000022120000	18.693	3640.200	-53.540
286	ISOPROPYL AMINE	59.112	476.000	5.066	229.000	0.290	0.297	-1.788	0.100	-0.00006749000	0.000000019940000	16.364	2582.350	-40.150
287	ISOPROPYL CHLORIDE	78.542	485.000	4.722	230.000	0.269	0.232	0.440	0.083	-0.00005359000	0.000000014000000	16.038	2490.480	-43.150
288	ISOPROPYLBENZENE	120.195	631.000	3.212	428.000	0.260	0.335	-9.042	0.187	-0.00012150000	0.000000030840000	15.972	3363.600	-63.370
289	ISOPROPYLCYCLOHEXANE	126.243	640.000	2.837	0.000	0.000	0.237	0.000	0.000	0.00000000000	0.000000000000000	15.826	3346.120	-63.710
290	ISOPROPYLCYCLOPENTANE	112.216	601.000	2.938	0.000	0.000	0.240	0.000	0.000	0.00000000000	0.000000000000000	15.856	3176.220	-55.180
291	KETENE	42.038	380.000	6.485	145.000	0.300	0.207	1.525	0.039	-0.00002590000	0.000000006455000	16.020	1849.210	-35.150
292	KRYPTON	83.800	209.400	5.502	91.200	0.288	-0.002	0.000	0.000	0.00000000000	0.000000000000000	15.268	958.750	-8.710
293	MALEIC ANHYDRIDE	98.058	0.000	0.000	0.000	0.000	0.000	-3.123	0.083	-0.00005217000	0.000000011560000	16.275	3765.650	-82.150
294	M-CRESOL	108.140	705.800	4.560	310.000	0.241	0.464	-10.750	0.174	-0.00014400000	0.000000049620000	17.288	4274.420	-74.090
295	M-DICHLOROBENZENE	147.004	684.000	3.850	359.000	0.240	0.260	-3.246	0.131	-0.00010760000	0.000000034080000	16.817	4104.130	-43.150
296	METHANE	16.043	190.600	4.600	99.000	0.288	0.008	4.598	0.012	0.00000286000	-0.000000002703000	15.224	897.840	-7.160
297	METHANOL	32.042	512.600	8.096	118.000	0.224	0.559	5.052	0.017	0.00000617900	-0.000000006811000	18.588	3626.550	-34.290
298	METHYCYCLOPENTANE	84.162	532.700	3.790	319.000	0.273	0.239	11.968	0.152	-0.00008699000	0.000000019140000	15.802	2731.000	-47.110
299	METHYL ACETATE	74.080	506.800	4.691	228.000	0.254	0.324	3.953	0.054	-0.00001037000	0.000000006961000	16.130	2601.920	-56.150
300	METHYL ACETYLENE	40.065	402.400	5.624	164.000	0.276	0.218	3.513	0.045	-0.00002803000	0.000000007701000	15.623	1850.660	-44.070
301	METHYL ACRYLATE	86.091	536.000	4.256	265.000	0.250	0.350	3.622	0.067	-0.00002103000	-0.000000003966000	16.109	2788.430	-59.150
302	METHYL AMINE	31.058	430.000	7.458	140.000	0.292	0.275	2.741	0.034	-0.00001274000	0.000000001135000	17.262	2484.830	-32.920
303	METHYL BENZOATE	136.151	692.000	3.648	396.000	0.250	0.430	-5.066	0.131	-0.00004298000	0.000000010570000	16.227	3751.830	-81.510
304	METHYL BROMIDE	94.939	464.000	8.613	0.000	0.000	0.273	3.446	0.026	-0.00001290000	0.000000002389000	16.025	2271.710	-34.830
305	METHYL BUTYRATE	102.134	554.400	3.475	340.000	0.257	0.382	0.000	0.000	0.00000000000	0.000000000000000	0.000	0.000	0.000
306	METHYL CHLORIDE	50.488	416.300	6.677	139.000	0.268	0.156	3.314	0.024	-0.00000928800	0.000000000613000	16.105	2077.970	-29.550
307	METHYL ETHYL ETHER	60.096	437.800	4.398	221.000	0.267	0.236	4.459	0.064	-0.00002447000	0.000000002138000	13.544	1161.630	-112.400
308	METHYL ETHYL KETONE	72.107	535.600	4.154	267.000	0.249	0.329	2.614	0.085	-0.00004538000	0.000000009362000	16.599	3150.420	-36.650
309	METHYL ETHYL SULFIDE	76.157	533.000	4.256	0.000	0.000	0.000	4.664	0.069	-0.00002888000	0.000000003073000	15.977	2722.950	-48.370
310	METHYL FLUORIDE	34.033	317.800	5.877	124.000	0.275	0.190	3.302	0.021	-0.00000494600	-0.000000000474000	16.343	1704.410	-19.270
311	METHYL FORMATE	60.052	487.200	5.998	172.000	0.255	0.252	0.342	0.064	-0.00004656000	0.000000013620000	16.510	2590.870	-42.600
312	METHYL HYDRAZINE	46.072	567.000	8.035	271.000	0.462	0.000	0.000	0.000	0.00000000000	0.000000000000000	15.142	2319.840	-91.700
313	METHYL IODIDE	141.939	528.000	6.586	190.000	0.285	0.172	2.581	0.033	-0.00002487000	0.000000008325000	16.091	2639.550	-36.500
314	METHYL ISOBUTYL KETONE	100.161	571.000	3.273	371.000	0.260	0.400	0.930	0.135	-0.00007925000	0.000000019660000	15.717	2893.660	-70.750
315	METHYL ISOBUTYRATE	102.134	540.800	3.435	339.000	0.259	0.367	0.000	0.000	0.00000000000	0.000000000000000	0.000	0.000	0.000
316	METHYL ISOCYANATE	57.052	491.000	5.573	0.000	0.000	0.278	8.000	542.000	0.02483000000	-0.000001390000000	16.326	2480.370	-56.310
317	METHYL ISOPROPYL KETONE	86.134	553.400	3.850	310.000	0.259	0.349	-0.696	0.119	-0.00007009000	0.000000015920000	14.178	1993.120	-103.200
318	METHYL MERCAPTAN	48.107	470.000	7.235	145.000	0.268	0.155	3.169	0.035	-0.00002041000	0.000000004956000	16.191	2338.380	-34.440
319	METHYL N-PROPYL KETONE	86.134	564.000	3.891	301.000	0.250	0.348	0.274	0.115	-0.00006731000	0.000000015910000	16.003	2934.870	-62.250
320	METHYL PHENYL ETHER	108.140	641.000	4.175	0.000	0.000	0.000	0.000	0.000	0.00000000000	0.000000000000000	16.239	3430.820	-69.580
321	METHYL PHENYL KETONE	120.151	701.000	3.850	376.000	0.250	0.420	-7.065	0.153	-0.00009724000	0.000000023220000	16.238	3781.070	-81.150
322	METHYL PROPIONATE	88.107	530.600	4.002	282.000	0.256	0.352	4.348	0.075	-0.00002234000	-0.000000004365000	16.169	2804.060	-58.920
323	METHYLAL	76.096	497.000	0.000	0.000	0.000	0.000	0.000	0.000	0.00000000000	0.000000000000000	15.824	2415.920	-52.580
324	METHYLCYCLOHEXANE	98.189	572.100	3.475	368.000	0.269	0.233	-14.789	0.187	-0.00010600000	0.000000022370000	15.711	2926.040	-51.750
325	M-ETHYLPHENOL	122.167	716.400	0.000	0.000	0.000	0.000	0.000	0.000	0.00000000000	0.000000000000000	17.196	4272.770	-86.080
326	METHYLPHENYLAMINE	107.156	701.000	5.198	0.000	0.000	0.000	0.000	0.000	0.00000000000	0.000000000000000	16.307	3756.280	-80.710
327	MONOETHANOLAMINE	61.084	614.000	4.458	196.000	0.170	0.000	2.224	0.072	-0.00004342000	0.000000011120000	17.817	3988.330	-86.930
328	MORPHOLINE	87.122	618.000	5.472	253.000	0.270	0.370	-10.223	0.129	-0.00006368000	0.000000010030000	16.236	3171.350	-71.150
329	M-TERPHENYL	230.310	924.800	3.506	784.000	0.358	0.000	0.000	0.000	0.00000000000	0.000000000000000	0.000	0.000	0.000
330	M-TOLUIDINE	107.156	709.000	4.154	343.000	0.240	0.406	-3.819	0.136	-0.00007244000	0.000000011090000	16.750	4080.320	-73.150
331	M-XYLENE	106.168	617.000	3.546	376.000	0.260	0.331	-6.966	0.150	-0.00008950000	0.000000020250000	16.139	3366.990	-58.040
332	"N,N-DIMETHYLANILINE"	121.183	687.000	3.627	0.000	0.000	0.000	0.000	0.000	0.00000000000	0.000000000000000	16.965	4276.080	-52.800
333	NAPHTHALENE	128.174	748.400	4.053	410.000	0.267	0.302	-16.433	0.203	-0.00015540000	0.000000047310000	16.143	3992.010	-71.290
334	N-BUTANE	58.124	425.200	3.800	255.000	0.274	0.193	2.266	0.079	-0.00002647000	-0.000000000674000	15.678	2154.900	-34.420
335	N-BUTANOL	74.123	562.900	4.418	274.000	0.259	0.590	0.780	0.100	-0.00005354000	0.000000011190000	17.216	3137.020	-94.430
336	N-BUTYL AMINE	73.139	524.000	4.154	288.000	0.270	0.396	1.213	0.107	-0.00005749000	0.000000018150000	16.609	3012.700	-48.960
337	N-BUTYL-ACETATE	116.161	571.000	3.273	371.000	0.260	0.400	3.253	0.131	-0.00005442000	-0.000000000189000	16.184	3151.090	-69.150
338	N-BUTYLANILINE	149.236	721.000	2.837	518.000	0.250	0.000	-8.137	0.218	-0.00013280000	0.000000030750000	16.399	4079.720	-96.150
339	N-BUTYLBENZENE	134.222	660.500	2.888	497.000	0.261	0.392	-5.491	0.190	-0.00010500000	0.000000020470000	16.079	3633.400	-71.770
340	N-BUTYLCYCLOHEXANE	140.270	667.000	3.151	0.000	0.000	0.362	-15.037	0.258	-0.00015060000	0.000000033440000	15.912	3542.570	-72.320
341	N-BUTYRALDEHYDE	72.107	524.000	4.053	278.000	0.260	0.352	3.363	0.083	-0.00004115000	0.000000006896000	16.167	2839.090	-50.150
342	N-BUTYRIC ACID	88.107	628.000	5.269	292.000	0.295	0.670	2.804	0.099	-0.00005804000	0.000000013210000	17.924	4130.930	-70.550
343	N-DECANE	142.286	617.600	2.108	603.000	0.247	0.490	-1.890	0.230	-0.00012630000	0.000000027010000	16.011	3456.800	-78.670
344	N-DECYCLCYCLOPENTANE	210.405	723.800	1.520	0.000	0.000	0.654	-14.790	3.601	-1.00000000000	-2.082000000000000	368.300	-69.780	26.730
345	N-DECYCYCLOHEXANE	224.432	750.000	1.358	0.000	0.000	0.583	-16.484	3.951	-1.00000000000	-2.296000000000000	378.690	0.000	0.000
346	N-DODECENE	170.340	658.300	1.824	713.000	0.240	0.562	-2.228	0.274	-0.00015160000	0.000000032460000	16.113	3774.560	-91.310
347	N-DODECYCLOPENTANE	238.459	750.000	1.297	0.000	0.000	0.719	-15.110	0.405	-0.00023330000	0.000000052200000	16.192	4395.870	-124.200
348	N-EICOSANE	282.556	767.000	1.115	0.000	0.000	0.907	-5.346	0.463	-0.00026670000	0.000000060390000	16.469	4680.460	-141.100
349	NEON	20.183	44.400	2.756	41.700	0.311	0.000	0.000	0.000	0.00000000000	0.000000000000000	14.010	180.470	-2.610
350	N-HEPTADECANE	240.475	733.000	1.317	1000.000	0.220	0.770	-3.336	0.388	-0.00021690000	0.000000047100000	16.151	4294.550	-124.000
351	N-HEPTANE	100.205	540.200	2.736	432.000	0.263	0.351	-1.229	0.162	-0.00008720000	0.000000018290000	15.874	2911.320	-56.510
352	N-HEPTYLCYCLOPENTANE	168.324	679.000	1.945	0.000	0.000	0.515	14.155	0.292	-0.00016920000	0.000000038130000	16.059	3850.380	-88.750
353	N-HEXADECANE	226.448	717.000	1.419	0.000	0.000	0.742	-3.109	0.365	-0.00020390000	0.000000044180000	16.184	4214.910	-118.700
354	N-HEXADECYLCYCLOPENTANE	294.567	791.000	0.973	0.000	0.000	0.861	-15.927	0.495	-0.00028510000	0.000000063730000	16.355	4715.690	-152.100
355	N-HEXANE	86.178	507.400	2.969	370.000	0.260	0.296	-1.054	0.139	-0.00007449000	0.000000015510000	15.837	2697.550	-48.780
356	N-HEXYLCYCLOPENTANE	154.297	660.100	2.138	0.000	0.000	0.476	13.930	0.269	-0.00015610000	0.000000035180000	16.014	3702.560	-81.550
357	NITRIC OXIDE	30.006	180.000	6.485	58.000	0.250	0.607	7.009	0.000	0.00000232800	-0.000000001000000	20.131	1572.520	-4.880
358	NITROGEN	28.013	126.200	3.394	89.500	0.290	0.040	7.440	-0.003	0.00000640000	-0.000000002790000	14.934	588.720	-6.600
359	NITROGEN DIOXIDE	46.006	431.400	10.133	170.000	0.480	0.860	5.788	0.012	-0.00000497000	0.000000000070000	20.532	4141.290	3.650
360	NITROGEN TRIFLUORIDE	71.002	234.000	4.529	0.000	0.000	0.132	0.000	0.000	0.00000000000	0.000000000000000	15.611	1155.690	-15.370
361	NITROMETHANE	61.041	588.000	6.313	173.000	0.224	0.346	1.773	0.047	-0.00002583000	0.000000004980000	16.219	2972.640	-64.150
362	NITROSYL CHLORIDE	65.459	440.000	9.119	139.000	0.350	0.318	8.144	0.011	-0.00000797700	0.000000002424000	166.951	2520.700	-23.460
363	NITROUS OXIDE	44.013	309.600	7.245	97.400	0.274	0.160	5.164	0.017	-0.00001380000	0.000000004371000	16.127	1506.490	-25.990
364	N-NONADECANE	268.529	756.000	1.115	0.000	0.000	0.827	-3.700	0.433	-0.00024240000	0.000000052670000	16.153	4450.440	-135.600
365	N-NONANE	128.259	594.600	2.310	548.000	0.260	0.444	0.751	0.162	-0.00004606000	-0.000000007121000	15.967	3291.450	-71.330
366	N-NONYCLYCLOPENTANE	196.378	710.500	1.652	0.000	0.000	0.610	-14.524	3.372	-1.00000000000	-1.948000000000000	357.740	-64.850	24.720
367	N-OCTADECANE	254.502	745.000	1.206	0.000	0.000	0.790	-3.456	0.410	-0.00022910000	0.000000049640000	16.123	4361.790	-129.900
368	N-OCTANE	114.232	568.800	2.482	492.000	0.259	0.394	-1.456	0.184	-0.00010020000	0.000000021150000	15.943	3120.290	-63.630
369	N-OCTYLCYCLOPENTANE	182.351	694.000	1.793	0.000	0.000	0.564	-14.319	3.145	-1.00000000000	-1.818000000000000	346.190	-59.920	22.720
370	N-PENTADECANE	212.421	707.000	1.520	880.000	0.230	0.706	-2.846	3.422	-1.00000000000	-1.904000000000000	355.920	-84.310	17.980
371	N-PENTADECYLCYCLOPENTANE	280.540	780.000	1.023	0.000	0.000	0.833	-15.786	0.473	-0.00027240000	0.000000060900000	16.309	4642.010	-145.100
372	N-PENTANE	72.151	469.600	3.374	304.000	0.262	0.251	-0.866	0.116	-0.00006163000	0.000000012670000	15.833	2477.070	-39.940
373	N-PROPYL ACETATE	102.134	549.400	3.334	345.000	0.252	0.392	3.683	0.108	-0.00004027000	-0.000000003437000	16.229	2980.470	-64.150
374	N-PROPYL AMINE	59.112	497.000	4.742	233.000	0.267	0.229	1.598	0.084	-0.00004352000	0.000000008566000	15.996	2551.720	-49.150
375	N-PROPYL FORMATE	88.107	538.000	4.063	285.000	0.259	0.315	0.000	0.000	0.00000000000	0.000000000000000	15.767	2593.950	-69.690
376	N-PROPYL PROPIONATE	116.161	578.000	0.000	0.000	0.000	0.000	0.000	0.000	0.00000000000	0.000000000000000	16.864	3558.180	-47.860
377	N-PROPYLBENZENE	120.195	638.300	3.202	440.000	0.265	0.344	-7.473	0.179	-0.00010990000	0.000000025820000	16.006	3433.840	-66.010
378	N-PROPYLCYCLOHEXANE	126.243	639.000	2.807	0.000	0.000	0.258	-14.932	0.236	-0.00013840000	0.000000030840000	15.857	3363.620	-65.210
379	N-PROPYLCYCLOPENTANE	112.216	603.000	2.999	425.000	0.250	0.335	-13.369	0.202	-0.00011760000	0.000000026690000	15.897	3187.670	-59.990
380	N-TETRADECANE	198.394	694.000	1.621	830.000	0.230	0.679	-2.623	3.195	-1.00000000000	-1.773000000000000	344.210	-79.380	15.970
381	N-TETRADECYCLOPENT	266.513	772.000	1.125	0.000	0.000	0.789	-15.508	0.450	-0.00025920000	0.000000057940000	16.263	4439.380	-138.100
382	N-TRIDECANE	184.367	675.800	1.723	780.000	0.240	0.623	-2.499	2.974	-1.00000000000	-1.651000000000000	332.100	-74.450	13.970
383	N-TRIDECYLCYCLOPENTANE	252.486	761.000	1.206	0.000	0.000	0.755	-15.336	0.428	-0.00024650000	0.000000055160000	16.227	4483.130	-131.300
384	N-UNDECENE	156.313	638.800	1.966	660.000	0.240	0.535	-2.005	0.252	-0.00013850000	0.000000029540000	16.054	3614.070	-85.450
385	N-VALERIC ACID	102.134	651.000	3.850	340.000	0.240	0.616	3.198	0.120	-0.00007001000	0.000000015810000	17.631	4092.150	-86.550
386	O-CRESOL	108.140	697.600	5.005	282.000	0.240	0.443	-7.709	0.167	-0.00014150000	0.000000050730000	15.915	3305.370	-108.000
387	O-DICHLOROBENZENE	147.004	697.300	4.104	360.000	0.225	0.272	-3.416	0.132	-0.00010780000	0.000000034140000	16.280	3798.230	-59.840
388	O-ETHYLPHENOL	122.167	703.000	0.000	0.000	0.000	0.000	0.000	0.000	0.00000000000	0.000000000000000	17.961	4928.360	-45.750
389	O-TERPHENYL	230.310	891.000	3.901	769.000	0.405	0.000	0.000	0.000	0.00000000000	0.000000000000000	0.000	0.000	0.000
390	O-TOLUIDINE	107.156	694.000	3.749	343.000	0.260	0.435	0.000	0.000	0.00000000000	0.000000000000000	16.783	4072.580	-72.150
391	OXYGEN	31.999	154.600	5.046	73.400	0.288	0.021	6.713	0.000	0.00000417000	-0.000000002544000	15.408	734.550	-6.450
392	O-XYLENE	106.168	630.200	3.729	369.000	0.263	0.314	-3.786	0.142	-0.00008224000	0.000000017980000	16.116	3395.570	-59.460
393	OZONE	47.998	261.000	5.573	88.900	0.288	0.215	4.907	0.019	-0.00001491000	0.000000004054000	15.743	1272.180	-22.160
394	P-CRESOL	108.140	704.600	5.147	0.000	0.000	0.515	-9.705	0.169	-0.00013750000	0.000000046990000	16.199	3479.390	-111.300
395	P-DICLOROBENZENE	147.004	685.000	3.952	372.000	0.260	0.270	-3.426	0.132	-0.00010890000	0.000000034580000	16.114	3626.830	-64.640
396	PERFLUOROBENZENE	186.056	516.700	3.303	0.000	0.000	0.400	8.660	0.126	-0.00010860000	0.000000034770000	16.194	2827.530	-57.660
397	PERFLUOROCYCLOHEXANE	300.047	457.200	2.432	0.000	0.000	0.000	0.000	0.000	0.00000000000	0.000000000000000	13.909	1374.070	-136.800
398	PERFLUOROETHANE	100.016	306.400	3.942	175.000	0.271	0.226	6.929	0.054	-0.00004863000	0.000000016190000	15.880	1574.600	-27.220
399	PERFLUOROETHANE	138.012	292.800	0.000	224.000	0.000	0.000	6.405	0.083	-0.00006853000	0.000000019430000	15.642	1512.940	-26.940
400	PERFLUOROMETHYLCYCLOHEXANE	350.055	486.800	2.330	0.000	0.000	0.482	0.000	0.000	0.00000000000	0.000000000000000	15.713	2610.570	-61.930
401	PERFLUORO-N-HEPTANE	388.051	474.800	1.621	664.000	0.273	0.560	0.000	0.000	0.00000000000	0.000000000000000	15.975	2719.680	-64.500
402	PERFLUORO-N-HEXANE	338.044	451.700	1.905	442.000	0.224	0.730	0.000	0.000	0.00000000000	0.000000000000000	15.831	2488.590	-59.730
403	P-ETHYLPHENOL	122.167	716.400	0.000	0.000	0.000	0.000	0.000	0.000	0.00000000000	0.000000000000000	19.091	5579.620	-44.150
404	PHENANTHRENE	178.234	878.000	0.000	0.000	0.000	0.000	-14.087	2.402	-1.00000000000	-1.575000000000000	0.000	48.400	0.000
405	PHENETOLE	122.167	647.000	3.425	0.000	0.000	0.000	0.000	0.000	0.00000000000	0.000000000000000	16.167	3473.200	-78.660
406	PHENOL	94.113	694.200	6.130	229.000	0.240	0.440	8.561	0.143	-0.00011530000	0.000000036470000	16.427	3490.890	-98.590
407	PHOSGENE	98.916	455.000	5.674	190.000	0.280	0.204	6.709	0.033	-0.00003281000	0.000000012110000	15.757	2167.310	-43.150
408	PHOSPHORUS TRICHLORIDE	137.333	563.000	0.000	260.000	0.000	0.000	0.000	0.000	0.00000000000	0.000000000000000	0.000	0.000	0.000
409	PHTHALIC ANHYDRIDE	148.118	810.000	4.762	368.000	0.260	0.000	-1.064	0.156	-0.00010230000	0.000000024110000	15.998	4467.010	-83.150
410	PIPERIDINE	85.150	594.000	4.762	289.000	0.280	0.250	-12.675	0.150	-0.00008020000	0.000000015350000	16.100	3015.460	-61.150
411	PROPADIENE	40.065	393.000	5.472	162.000	0.271	0.313	2.366	0.047	-0.00002822000	0.000000006645000	13.156	1054.720	-77.080
412	PROPANE	44.097	369.800	4.246	203.000	0.281	0.152	-1.009	0.073	-0.00003789000	0.000000007678000	15.726	1872.460	-25.160
413	PROPIONALDEHYDE	58.080	496.000	4.762	223.000	0.260	0.313	2.800	0.062	-0.00003105000	0.000000005078000	16.232	2659.020	-44.150
414	PROPIONIC ACID	74.080	612.000	5.370	230.000	0.242	0.536	1.354	0.088	-0.00006842000	0.000000023590000	17.379	3723.420	-67.480
415	PROPIONITRILE	55.080	564.400	4.185	230.000	0.205	0.318	3.679	0.054	-0.00002628000	0.000000004667000	15.957	2940.860	-55.150
416	PROPYL CHLORIDE	78.542	503.000	4.580	254.000	0.278	0.230	-0.799	0.087	-0.00005991000	0.000000017790000	15.959	2581.480	-42.950
417	PROPYLENE	42.081	365.000	4.620	181.000	0.275	0.148	0.886	0.056	-0.00002771000	0.000000005266000	15.703	1807.530	-26.150
418	PROPYLENE OXIDE	58.080	482.200	4.924	186.000	0.228	0.269	-2.020	0.078	-0.00004750000	0.000000011520000	15.323	2107.580	-64.870
419	P-TERPHENYL	230.310	926.000	3.323	779.000	0.336	0.000	0.000	0.000	0.00000000000	0.000000000000000	0.000	0.000	0.000
420	P-TOLUIDINE	107.156	667.000	0.000	0.000	0.000	0.000	0.000	0.000	0.00000000000	0.000000000000000	16.697	4041.040	-72.150
421	P-XYLENE	106.168	616.200	3.516	379.000	0.260	0.324	-5.993	0.144	-0.00008058000	0.000000016290000	16.096	3346.650	-57.840
422	PYRIDINE	79.102	620.000	5.634	254.000	0.277	0.240	9.504	0.118	-0.00008498000	0.000000023990000	16.091	3095.130	-61.150
423	PYRROLE	67.091	640.000	0.000	0.000	0.000	0.000	0.000	0.000	0.00000000000	0.000000000000000	16.797	3457.470	-62.730
424	PYRROLIDINE	71.123	568.600	5.613	249.000	0.296	0.000	-12.308	0.128	-0.00007738000	0.000000017980000	15.944	2717.030	-67.900
425	SEC-BUTYLBENZENE	134.222	664.000	2.949	0.000	0.000	0.274	-15.560	0.236	-0.00017230000	0.000000051400000	16.000	3544.190	-68.100
426	SEC-BUTYLCYCLOHEXANE	140.270	669.000	2.675	0.000	0.000	0.264	0.000	0.000	0.00000000000	0.000000000000000	15.867	3524.570	-70.780
427	SILICON TETRACHLORIDE	169.898	507.000	3.749	326.000	0.290	0.264	0.000	0.000	0.00000000000	0.000000000000000	15.802	2634.160	-43.150
428	SILICON TETRAFLUORIDE	104.080	259.000	3.719	0.000	0.000	0.000	0.000	0.000	0.00000000000	0.000000000000000	0.000	0.000	0.000
429	STYRENE	104.152	647.000	3.992	0.000	0.000	0.257	-6.747	0.147	-0.00009609000	0.000000023730000	16.019	3328.570	-63.720
430	SUCCINIC ACID	118.090	0.000	0.000	0.000	0.000	0.000	3.600	0.011	-0.00007508000	0.000000018960000	0.000	0.000	0.000
431	SULFUR DIOXIDE	64.063	430.800	7.883	122.000	0.268	0.251	5.697	0.016	-0.00001185000	0.000000003172000	16.768	2302.350	-35.970
432	SULFUR HEXAFLUORIDE	146.050	318.700	3.759	198.000	0.281	0.286	0.000	0.000	0.00000000000	0.000000000000000	19.379	2524.780	-11.160
433	SULFUR TRIOXIDE	80.058	491.000	8.207	130.000	0.260	0.410	0.000	0.000	0.00000000000	0.000000000000000	20.840	3995.700	-36.660
434	TERT-BUTANOL	74.123	506.200	3.972	275.000	0.259	0.618	-11.611	0.171	-0.00016920000	0.000000069740000	16.855	2658.290	-95.500
435	TERT-BUTYL CHLORIDE	92.569	507.000	3.952	295.000	0.280	0.190	-0.939	0.111	-0.00006893000	0.000000018800000	15.812	2567.150	-44.150
436	TERT-BUTYLBENZENE	134.222	660.000	2.969	0.000	0.000	0.265	-20.541	0.263	-0.00020890000	0.000000067510000	15.930	3462.280	-69.870
437	TERT-BUTYLCYCLOHEXANE	140.270	659.000	2.665	0.000	0.000	0.252	0.000	0.000	0.00000000000	0.000000000000000	15.788	3457.850	-67.040
438	TETRACHLOROETHYLENE	165.834	620.000	4.458	290.000	0.250	0.000	10.980	0.054	-0.00005478000	0.000000020020000	16.164	3259.290	-52.150
439	TETRAHYDROFURAN	72.107	540.200	5.188	224.000	0.259	0.000	-4.563	0.123	-0.00009868000	0.000000034730000	16.107	2768.380	-46.900
440	THIOPHENE	84.136	579.400	5.694	219.000	0.259	0.200	-7.310	0.107	-0.00009009000	0.000000029920000	16.024	2869.070	-51.800
441	TOLUENE	92.141	591.700	4.114	316.000	0.264	0.257	-5.817	0.122	-0.00006605000	0.000000011730000	16.014	3096.520	-53.670
442	"TRANS-1,2-DIMETHYLCYCLOHEXANE"	112.216	596.000	2.969	0.000	0.000	0.242	-16.356	0.218	-0.00012790000	0.000000028210000	15.734	3117.430	-54.020
443	"TRANS-1,2-DIMETHYLCYCLOPENTANE"	98.189	553.200	3.445	362.000	0.270	0.269	-13.022	0.181	-0.00010700000	0.000000024290000	15.759	2861.530	-51.460
444	"TRANS-1,3-DIMETHYLCYCLOHEXANE"	112.216	598.000	2.969	0.000	0.000	0.189	-15.323	0.211	-0.00011980000	0.000000025520000	15.737	3093.950	-57.760
445	"TRANS-1,4-DIMETHYLCYCLOHEXANE"	112.216	590.000	2.969	0.000	0.000	0.242	-16.806	0.218	-0.00012680000	0.000000027580000	15.698	3063.440	-54.570
446	TRANS-2-BUTENE	56.108	428.600	4.104	238.000	0.274	0.214	4.375	0.061	-0.00001675000	-0.000000002147000	15.818	2212.320	-33.150
447	TRANS-2-HEXENE	84.162	516.000	3.273	351.000	0.270	0.242	-7.864	0.166	-0.00013420000	0.000000047880000	15.873	2701.720	-48.620
448	TRANS-2-OCTENE	112.216	580.000	2.766	0.000	0.000	0.350	-3.062	0.180	-0.00010610000	0.000000025090000	15.855	3134.970	-58.000
449	TRANS-2-PENTENE	70.135	475.000	3.658	300.000	0.280	0.237	0.465	0.100	-0.00005201000	0.000000010520000	15.901	2495.970	-40.180
450	TRANS-3-HEXENE	84.162	519.900	3.253	350.000	0.260	0.227	-1.036	0.132	-0.00007840000	0.000000019220000	15.929	2718.680	-47.770
451	TRANS-DECALIN	138.254	690.000	3.141	0.000	0.000	0.270	-23.328	0.250	-0.00013080000	0.000000021450000	15.799	3610.660	-66.490
452	TRIBUTYLAMINE	185.355	643.000	1.824	0.000	0.000	0.000	1.909	2.861	-1.00000000000	-1.601000000000000	312.480	0.000	0.000
453	TRICHLOROETHYLENE	131.389	571.000	4.914	256.000	0.265	0.213	7.207	0.000	-0.00005324000	0.000000016960000	16.183	3028.130	-43.150
454	TRICHLOROFLUOROMETHANE	37.368	471.200	4.408	248.000	0.279	0.188	9.789	0.039	-0.00003383000	0.000000009903000	15.852	2401.610	-36.300
455	TRIETHYLAMINE	101.193	535.000	3.040	390.000	0.270	0.329	-4.402	0.171	-0.00010490000	0.000000026090000	15.885	2882.380	-51.150
456	TRIFLUOROACETIC ACID	114.024	491.300	3.263	0.000	0.000	0.000	0.000	0.000	0.00000000000	0.000000000000000	0.000	0.000	0.000
457	TRIFLUOROBROMOMETHANE	148.910	340.200	3.972	200.000	0.280	0.000	0.000	0.000	0.00000000000	0.000000000000000	0.000	0.000	0.000
458	TRIMETHYL AMINE	59.112	433.200	4.073	254.000	0.287	0.195	-1.960	0.095	-0.00005299000	0.000000011040000	16.050	2230.510	-39.150
459	VALERALDEHYDE	86.134	554.000	3.546	333.000	0.260	0.400	3.401	0.103	-0.00005033000	0.000000007553000	16.162	3030.200	-58.150
460	VINYL ACETATE	86.091	525.000	4.357	265.000	0.260	0.340	3.621	0.067	-0.00002103000	-0.000000003965000	16.100	2744.680	-56.150
461	VINYL CHLORIDE	62.499	429.700	5.603	169.000	0.265	0.122	1.421	0.048	-0.00003669000	0.000000011400000	14.960	1803.840	-43.150
462	VINYL ETHYL ETHER	72.107	475.000	4.073	260.000	0.270	0.000	4.127	0.077	-0.00003514000	0.000000005134000	15.891	2449.260	-44.150
463	VINYL FLUORIDE	46.044	327.800	5.239	144.000	0.277	0.000	0.000	0.000	0.00000000000	0.000000000000000	0.000	0.000	0.000
464	VINYL FORMATE	72.064	475.000	5.776	210.000	0.310	0.550	6.643	0.044	-0.00000850200	-0.000000055770000	16.653	2569.680	-63.150
465	VINYL METHYL ETHER	58.080	436.000	4.762	205.000	0.270	0.340	3.733	0.056	-0.00002316000	0.000000002537000	14.460	1950.220	-25.150
466	VINYLACETYLENE	52.076	455.000	4.965	202.000	0.260	0.092	1.614	0.068	-0.00005410000	0.000000017820000	16.010	2203.570	-43.150
467	WATER	18.015	647.300	22.048	56.000	0.229	0.344	7.701	0.000	0.00000252100	-0.000000000859000	18.304	3816.440	-46.130
468	XENON	131.300	289.700	5.836	118.000	0.286	0.002	0.000	0.000	0.00000000000	0.000000000000000	15.296	1303.920	-14.500
469														
